12  3.7 4.4  2.1  2.7  32.9  34.2  
13  7.1 7.6  5.2  5.3  29.6  41.5  
14  8.6 11.0  5.9  8.4  34.7  39.3  
15  11.8 13.8  8.4  9.8  38.0  35.4  
16  11.8 13.1  8.5  9.7  42.6  38.5  
17  10.9   13.2  7.5  9.6  37.3  38.6 
18  9.1 8.6 5.5 4.9 12.8 12.6
19  9.9 10.2 6.1 7.5 13.9 13.2
20  8.8 10.2 6.3 6.6 11.5 13.9
21  9.4 7.8 7.1 5.9 11.8 9.5
22  8.0 8.8 5.9 5.1 10.0 12.6
23  9.5 7.7 5.9 5.9 12.7  9.6
24  8.3 8.6 6.7 5.5 9.9 11.6
25  8.1 8.0 5.9 6.0 10.3 9.9
26-29  7.8 8.1 5.6 6.0 10.1 10.3
30-34  7.4 7.8 4.8 6.9 9.7 8.7
35-39  7.6 7.1 6.4 5.3 8.7 8.7
40-44  7.7 7.5 5.8 5.8 9.4 9.1
45-49  7.5 7.4 5.6 6.4 9.3 8.4
50-54  8.0 7.9 6.9 6.5 9.1 9.3
55-59  6.4 6.6 5.3 5.0 7.5 7.8
60-64  6.7 6.1 4.9 5.1 8.3 7.1
65  3.2 2.6 2.0 1.1 4.1 3.8